"F3D0","F3D1","F3D2","F3D3","F3D5","F3D6","F3D7","F3D8","F3D9"
"F3D0",0,874.297432227729,3280.471307602,1028.48189094412,848.363719167669,1015.64856126517,876.758233494274,948.313766640557,950.028420627509
"F3D1",874.297432227729,0,3406.6531963204,912.089359657265,432.214067332381,1020.81633999461,755.238372965781,624.551839321605,733.268027395167
"F3D2",3280.471307602,3406.6531963204,0,2837.03313339834,3501.97358642238,2756.56416576868,3145.7547584006,3474.96604299956,3195.28183420493
"F3D3",1028.48189094412,912.089359657265,2837.03313339834,0,863.960647251945,589.804204800203,512.491951156308,801.886525638135,659.900750113227
"F3D5",848.363719167669,432.214067332381,3501.97358642238,863.960647251945,0,991.781730019262,609.076349893837,480.231194322068,648.602343504863
"F3D6",1015.64856126517,1020.81633999461,2756.56416576868,589.804204800203,991.781730019262,0,537.156401804912,886.430482327859,672.83876226032
"F3D7",876.758233494274,755.238372965781,3145.7547584006,512.491951156308,609.076349893837,537.156401804912,0,469.582793551893,397.888175245257
"F3D8",948.313766640557,624.551839321605,3474.96604299956,801.886525638135,480.231194322068,886.430482327859,469.582793551893,0,356.624452330459
"F3D9",950.028420627509,733.268027395167,3195.28183420493,659.900750113227,648.602343504863,672.83876226032,397.888175245257,356.624452330459,0
